 15 
 129 155 559 10.00 10.00 
 99999 3 15 15 15 15 15 15 15 15 3 3 15 15 3
 190 250 732 10.00 10.00 
 3 99999 15 15 15 15 15 15 15 15 3 3 15 15 3
 84 93 501 30.00 30.00 
 15 15 99999 8 8 8 8 8 8 8 15 15 8 8 15
 89 98 509 30.00 30.00 
 15 15 8 99999 8 8 8 8 8 8 15 15 8 8 15
 100 111 536 30.00 30.00 
 15 15 8 8 99999 8 8 8 8 8 15 15 8 8 15
 107 120 552 30.00 30.00 
 15 15 8 8 8 99999 8 8 8 8 15 15 8 8 15
 109 121 550 30.00 30.00 
 15 15 8 8 8 8 99999 8 8 8 15 15 8 8 15
 109 120 544 30.00 30.00 
 15 15 8 8 8 8 8 99999 8 8 15 15 8 8 15
 115 128 557 30.00 30.00 
 15 15 8 8 8 8 8 8 99999 8 15 15 8 8 15
 134 151 610 30.00 30.00 
 15 15 8 8 8 8 8 8 8 99999 15 15 8 8 15
 266 341 837 10.00 10.00 
 3 3 15 15 15 15 15 15 15 15 99999 3 15 15 3
 251 313 778 10.00 10.00 
 3 3 15 15 15 15 15 15 15 15 3 99999 15 15 3
 160 181 674 30.00 30.00 
 15 15 8 8 8 8 8 8 8 8 15 15 99999 8 15
 152 171 637 30.00 30.00 
 15 15 8 8 8 8 8 8 8 8 15 15 8 99999 15
 276 342 815 10.00 10.00 
 3 3 15 15 15 15 15 15 15 15 3 3 15 15 99999
