 20 
 129 155 559 10.00 10.00 
 99999 3 15 15 15 15 15 15 15 15 3 3 15 15 3 3 15 15 15 15
 187 246 726 10.00 10.00 
 3 99999 15 15 15 15 15 15 15 15 3 3 15 15 3 3 15 15 15 15
 82 90 497 30.00 30.00 
 15 15 99999 8 8 8 8 8 8 8 15 15 8 8 15 15 8 8 8 8
 85 94 502 30.00 30.00 
 15 15 8 99999 8 8 8 8 8 8 15 15 8 8 15 15 8 8 8 8
 95 105 527 30.00 30.00 
 15 15 8 8 99999 8 8 8 8 8 15 15 8 8 15 15 8 8 8 8
 100 112 540 30.00 30.00 
 15 15 8 8 8 99999 8 8 8 8 15 15 8 8 15 15 8 8 8 8
 101 112 536 30.00 30.00 
 15 15 8 8 8 8 99999 8 8 8 15 15 8 8 15 15 8 8 8 8
 100 111 529 30.00 30.00 
 15 15 8 8 8 8 8 99999 8 8 15 15 8 8 15 15 8 8 8 8
 105 117 540 30.00 30.00 
 15 15 8 8 8 8 8 8 99999 8 15 15 8 8 15 15 8 8 8 8
 122 137 587 30.00 30.00 
 15 15 8 8 8 8 8 8 8 99999 15 15 8 8 15 15 8 8 8 8
 240 307 789 10.00 10.00 
 3 3 15 15 15 15 15 15 15 15 99999 3 15 15 3 3 15 15 15 15
 224 280 734 10.00 10.00 
 3 3 15 15 15 15 15 15 15 15 3 99999 15 15 3 3 15 15 15 15
 142 161 639 30.00 30.00 
 15 15 8 8 8 8 8 8 8 8 15 15 99999 8 15 15 8 8 8 8
 135 151 604 30.00 30.00 
 15 15 8 8 8 8 8 8 8 8 15 15 8 99999 15 15 8 8 8 8
 242 301 760 10.00 10.00 
 3 3 15 15 15 15 15 15 15 15 3 3 15 15 99999 3 15 15 15 15
 300 393 931 10.00 10.00 
 3 3 15 15 15 15 15 15 15 15 3 3 15 15 3 99999 15 15 15 15
 142 159 612 30.00 30.00 
 15 15 8 8 8 8 8 8 8 8 15 15 8 8 15 15 99999 8 8 8
 145 162 616 30.00 30.00 
 15 15 8 8 8 8 8 8 8 8 15 15 8 8 15 15 8 99999 8 8
 138 153 590 30.00 30.00 
 15 15 8 8 8 8 8 8 8 8 15 15 8 8 15 15 8 8 99999 8
 162 182 658 30.00 30.00 
 15 15 8 8 8 8 8 8 8 8 15 15 8 8 15 15 8 8 8 99999
