 20 
 82 92 510 30.00 30.00 
 99999 8 15 15 8 8 8 8 8 15 15 8 8 15 8 8 8 8 8 15
 84 93 509 30.00 30.00 
 8 99999 15 15 8 8 8 8 8 15 15 8 8 15 8 8 8 8 8 15
 150 183 599 10.00 10.00 
 15 15 99999 3 15 15 15 15 15 3 3 15 15 3 15 15 15 15 15 3
 204 270 760 10.00 10.00 
 15 15 3 99999 15 15 15 15 15 3 3 15 15 3 15 15 15 15 15 3
 89 98 510 30.00 30.00 
 8 8 15 15 99999 8 8 8 8 15 15 8 8 15 8 8 8 8 8 15
 104 117 552 30.00 30.00 
 8 8 15 15 8 99999 8 8 8 15 15 8 8 15 8 8 8 8 8 15
 105 118 550 30.00 30.00 
 8 8 15 15 8 8 99999 8 8 15 15 8 8 15 8 8 8 8 8 15
 105 116 542 30.00 30.00 
 8 8 15 15 8 8 8 99999 8 15 15 8 8 15 8 8 8 8 8 15
 101 112 528 30.00 30.00 
 8 8 15 15 8 8 8 8 99999 15 15 8 8 15 8 8 8 8 8 15
 221 280 742 10.00 10.00 
 15 15 3 3 15 15 15 15 15 99999 3 15 15 3 15 15 15 15 15 3
 232 295 766 10.00 10.00 
 15 15 3 3 15 15 15 15 15 3 99999 15 15 3 15 15 15 15 15 3
 138 156 630 30.00 30.00 
 8 8 15 15 8 8 8 8 8 15 15 99999 8 15 8 8 8 8 8 15
 123 137 573 30.00 30.00 
 8 8 15 15 8 8 8 8 8 15 15 8 99999 15 8 8 8 8 8 15
 235 291 746 10.00 10.00 
 15 15 3 3 15 15 15 15 15 3 3 15 15 99999 15 15 15 15 15 3
 153 174 663 30.00 30.00 
 8 8 15 15 8 8 8 8 8 15 15 8 8 15 99999 8 8 8 8 15
 140 156 609 30.00 30.00 
 8 8 15 15 8 8 8 8 8 15 15 8 8 15 8 99999 8 8 8 15
 151 170 642 30.00 30.00 
 8 8 15 15 8 8 8 8 8 15 15 8 8 15 8 8 99999 8 8 15
 151 169 634 30.00 30.00 
 8 8 15 15 8 8 8 8 8 15 15 8 8 15 8 8 8 99999 8 15
 150 168 627 30.00 30.00 
 8 8 15 15 8 8 8 8 8 15 15 8 8 15 8 8 8 8 99999 15
 286 357 840 10.00 10.00 
 15 15 3 3 15 15 15 15 15 3 3 15 15 3 15 15 15 15 15 99999
