 20 
 75 82 486 30.00 30.00 
 99999 15 15 8 15 8 15 8 8 8 8 8 15 15 15 15 15 15 8 8
 157 197 628 10.00 10.00 
 15 99999 3 15 3 15 3 15 15 15 15 15 3 3 3 3 3 3 15 15
 134 160 561 10.00 10.00 
 15 3 99999 15 3 15 3 15 15 15 15 15 3 3 3 3 3 3 15 15
 103 117 565 30.00 30.00 
 8 15 15 99999 15 8 15 8 8 8 8 8 15 15 15 15 15 15 8 8
 201 261 735 10.00 10.00 
 15 3 3 15 99999 15 3 15 15 15 15 15 3 3 3 3 3 3 15 15
 95 106 524 30.00 30.00 
 8 15 15 8 15 99999 15 8 8 8 8 8 15 15 15 15 15 15 8 8
 185 229 664 10.00 10.00 
 15 3 3 15 3 15 99999 15 15 15 15 15 3 3 3 3 3 3 15 15
 98 108 523 30.00 30.00 
 8 15 15 8 15 8 15 99999 8 8 8 8 15 15 15 15 15 15 8 8
 117 132 578 30.00 30.00 
 8 15 15 8 15 8 15 8 99999 8 8 8 15 15 15 15 15 15 8 8
 117 130 569 30.00 30.00 
 8 15 15 8 15 8 15 8 8 99999 8 8 15 15 15 15 15 15 8 8
 132 149 615 30.00 30.00 
 8 15 15 8 15 8 15 8 8 8 99999 8 15 15 15 15 15 15 8 8
 114 126 551 30.00 30.00 
 8 15 15 8 15 8 15 8 8 8 8 99999 15 15 15 15 15 15 8 8
 261 336 834 10.00 10.00 
 15 3 3 15 3 15 3 15 15 15 15 15 99999 3 3 3 3 3 15 15
 250 316 790 10.00 10.00 
 15 3 3 15 3 15 3 15 15 15 15 15 3 99999 3 3 3 3 15 15
 214 258 688 10.00 10.00 
 15 3 3 15 3 15 3 15 15 15 15 15 3 3 99999 3 3 3 15 15
 310 409 967 10.00 10.00 
 15 3 3 15 3 15 3 15 15 15 15 15 3 3 3 99999 3 3 15 15
 269 338 818 10.00 10.00 
 15 3 3 15 3 15 3 15 15 15 15 15 3 3 3 3 99999 3 15 15
 237 287 726 10.00 10.00 
 15 3 3 15 3 15 3 15 15 15 15 15 3 3 3 3 3 99999 15 15
 144 160 607 30.00 30.00 
 8 15 15 8 15 8 15 8 8 8 8 8 15 15 15 15 15 15 99999 8
 151 169 624 30.00 30.00 
 8 15 15 8 15 8 15 8 8 8 8 8 15 15 15 15 15 15 8 99999
