 100 
 601 908 2401 1.45 1.10 
 99999 90 113 113 90 90 113 90 135 113 90 90 113 113 90 113 90 90 90 90 90 113 90 135 113 113 90 113 113 113 90 135 90 90 113 113 90 90 113 90 90 135 90 90 113 113 113 90 113 113 113 90 113 113 113 113 113 90 90 90 90 113 113 113 113 90 90 113 113 113 113 113 135 113 113 90 135 90 90 113 90 113 90 113 113 90 113 113 90 90 90 90 90 113 90 113 113 90 113 90
 725 1027 2525 1.82 1.56 
 90 99999 113 113 90 90 113 90 135 113 90 90 113 113 90 113 90 90 90 90 90 113 90 135 113 113 90 113 113 113 90 135 90 90 113 113 90 90 113 90 90 135 90 90 113 113 113 90 113 113 113 90 113 113 113 113 113 90 90 90 90 113 113 113 113 90 90 113 113 113 113 113 135 113 113 90 135 90 90 113 90 113 90 113 113 90 113 113 90 90 90 90 90 113 90 113 113 90 113 90
 928 1378 2728 1.40 1.85 
 68 68 99999 68 68 68 68 68 68 68 68 68 68 68 68 68 68 68 68 68 68 68 68 68 68 68 68 68 68 68 68 68 68 68 68 68 68 68 68 68 68 68 68 68 68 68 68 68 68 68 68 68 68 68 68 68 68 68 68 68 68 68 68 68 68 68 68 68 68 68 68 68 68 68 68 68 68 68 68 68 68 68 68 68 68 68 68 68 68 68 68 68 68 68 68 68 68 68 68 68
 974 1502 2774 1.76 1.27 
 68 68 90 99999 68 68 90 68 90 68 68 68 90 68 68 68 68 68 68 68 68 68 68 90 90 68 68 68 68 68 68 90 68 68 68 90 68 68 68 68 68 90 68 68 68 90 90 68 68 68 68 68 90 68 68 90 90 68 68 68 68 68 90 90 90 68 68 68 90 90 68 68 90 90 68 68 90 68 68 90 68 68 68 68 68 68 68 68 68 68 68 68 68 68 68 68 68 68 90 68
 1056 1618 2856 1.67 1.55 
 90 90 113 113 99999 90 113 90 135 113 90 90 113 113 90 113 90 90 90 90 90 113 90 135 113 113 90 113 113 113 90 135 90 90 113 113 90 90 113 90 90 135 90 90 113 113 113 90 113 113 113 90 113 113 113 113 113 90 90 90 90 113 113 113 113 90 90 113 113 113 113 113 135 113 113 90 135 90 90 113 90 113 90 113 113 90 113 113 90 90 90 90 90 113 90 113 113 90 113 90
 1119 1235 2919 1.39 1.63 
 90 90 113 113 90 99999 113 90 135 113 90 90 113 113 90 113 90 90 90 90 90 113 90 135 113 113 90 113 113 113 90 135 90 90 113 113 90 90 113 90 90 135 90 90 113 113 113 90 113 113 113 90 113 113 113 113 113 90 90 90 90 113 113 113 113 90 90 113 113 113 113 113 135 113 113 90 135 90 90 113 90 113 90 113 113 90 113 113 90 90 90 90 90 113 90 113 113 90 113 90
 1148 1520 2948 1.94 1.22 
 68 68 68 68 68 68 99999 68 68 68 68 68 68 68 68 68 68 68 68 68 68 68 68 68 68 68 68 68 68 68 68 68 68 68 68 68 68 68 68 68 68 68 68 68 68 68 68 68 68 68 68 68 68 68 68 68 68 68 68 68 68 68 68 68 68 68 68 68 68 68 68 68 68 68 68 68 68 68 68 68 68 68 68 68 68 68 68 68 68 68 68 68 68 68 68 68 68 68 68 68
 1195 1401 2995 1.59 1.82 
 90 90 113 113 90 90 113 99999 135 113 90 90 113 113 90 113 90 90 90 90 90 113 90 135 113 113 90 113 113 113 90 135 90 90 113 113 90 90 113 90 90 135 90 90 113 113 113 90 113 113 113 90 113 113 113 113 113 90 90 90 90 113 113 113 113 90 90 113 113 113 113 113 135 113 113 90 135 90 90 113 90 113 90 113 113 90 113 113 90 90 90 90 90 113 90 113 113 90 113 90
 1201 1584 3001 1.02 1.33 
 68 68 68 68 68 68 68 68 99999 68 68 68 68 68 68 68 68 68 68 68 68 68 68 68 68 68 68 68 68 68 68 68 68 68 68 68 68 68 68 68 68 68 68 68 68 68 68 68 68 68 68 68 68 68 68 68 68 68 68 68 68 68 68 68 68 68 68 68 68 68 68 68 68 68 68 68 68 68 68 68 68 68 68 68 68 68 68 68 68 68 68 68 68 68 68 68 68 68 68 68
 1218 1343 3018 1.59 1.88 
 68 68 90 68 68 68 90 68 90 99999 68 68 90 68 68 68 68 68 68 68 68 68 68 90 90 68 68 68 68 68 68 90 68 68 68 90 68 68 68 68 68 90 68 68 68 90 90 68 68 68 68 68 90 68 68 90 90 68 68 68 68 68 90 90 90 68 68 68 90 90 68 68 90 90 68 68 90 68 68 90 68 68 68 68 68 68 68 68 68 68 68 68 68 68 68 68 68 68 90 68
 1224 1787 3024 1.62 1.15 
 90 90 113 113 90 90 113 90 135 113 99999 90 113 113 90 113 90 90 90 90 90 113 90 135 113 113 90 113 113 113 90 135 90 90 113 113 90 90 113 90 90 135 90 90 113 113 113 90 113 113 113 90 113 113 113 113 113 90 90 90 90 113 113 113 113 90 90 113 113 113 113 113 135 113 113 90 135 90 90 113 90 113 90 113 113 90 113 113 90 90 90 90 90 113 90 113 113 90 113 90
 1288 1700 3088 1.13 1.76 
 90 90 113 113 90 90 113 90 135 113 90 99999 113 113 90 113 90 90 90 90 90 113 90 135 113 113 90 113 113 113 90 135 90 90 113 113 90 90 113 90 90 135 90 90 113 113 113 90 113 113 113 90 113 113 113 113 113 90 90 90 90 113 113 113 113 90 90 113 113 113 113 113 135 113 113 90 135 90 90 113 90 113 90 113 113 90 113 113 90 90 90 90 90 113 90 113 113 90 113 90
 1613 1724 3413 1.66 1.23 
 68 68 68 68 68 68 68 68 68 68 68 68 99999 68 68 68 68 68 68 68 68 68 68 68 68 68 68 68 68 68 68 68 68 68 68 68 68 68 68 68 68 68 68 68 68 68 68 68 68 68 68 68 68 68 68 68 68 68 68 68 68 68 68 68 68 68 68 68 68 68 68 68 68 68 68 68 68 68 68 68 68 68 68 68 68 68 68 68 68 68 68 68 68 68 68 68 68 68 68 68
 1671 1907 3471 1.61 1.72 
 68 68 90 68 68 68 90 68 90 68 68 68 90 99999 68 68 68 68 68 68 68 68 68 90 90 68 68 68 68 68 68 90 68 68 68 90 68 68 68 68 68 90 68 68 68 90 90 68 68 68 68 68 90 68 68 90 90 68 68 68 68 68 90 90 90 68 68 68 90 90 68 68 90 90 68 68 90 68 68 90 68 68 68 68 68 68 68 68 68 68 68 68 68 68 68 68 68 68 90 68
 1700 2234 3500 1.78 1.02 
 90 90 113 113 90 90 113 90 135 113 90 90 113 113 99999 113 90 90 90 90 90 113 90 135 113 113 90 113 113 113 90 135 90 90 113 113 90 90 113 90 90 135 90 90 113 113 113 90 113 113 113 90 113 113 113 113 113 90 90 90 90 113 113 113 113 90 90 113 113 113 113 113 135 113 113 90 135 90 90 113 90 113 90 113 113 90 113 113 90 90 90 90 90 113 90 113 113 90 113 90
 1801 2003 3601 1.09 1.73 
 68 68 90 68 68 68 90 68 90 68 68 68 90 68 68 99999 68 68 68 68 68 68 68 90 90 68 68 68 68 68 68 90 68 68 68 90 68 68 68 68 68 90 68 68 68 90 90 68 68 68 68 68 90 68 68 90 90 68 68 68 68 68 90 90 90 68 68 68 90 90 68 68 90 90 68 68 90 68 68 90 68 68 68 68 68 68 68 68 68 68 68 68 68 68 68 68 68 68 90 68
 2067 2169 3867 1.85 1.69 
 90 90 113 113 90 90 113 90 135 113 90 90 113 113 90 113 99999 90 90 90 90 113 90 135 113 113 90 113 113 113 90 135 90 90 113 113 90 90 113 90 90 135 90 90 113 113 113 90 113 113 113 90 113 113 113 113 113 90 90 90 90 113 113 113 113 90 90 113 113 113 113 113 135 113 113 90 135 90 90 113 90 113 90 113 113 90 113 113 90 90 90 90 90 113 90 113 113 90 113 90
 2091 2215 3891 1.89 1.17 
 90 90 113 113 90 90 113 90 135 113 90 90 113 113 90 113 90 99999 90 90 90 113 90 135 113 113 90 113 113 113 90 135 90 90 113 113 90 90 113 90 90 135 90 90 113 113 113 90 113 113 113 90 113 113 113 113 113 90 90 90 90 113 113 113 113 90 90 113 113 113 113 113 135 113 113 90 135 90 90 113 90 113 90 113 113 90 113 113 90 90 90 90 90 113 90 113 113 90 113 90
 2242 2781 4042 1.30 1.08 
 90 90 113 113 90 90 113 90 135 113 90 90 113 113 90 113 90 90 99999 90 90 113 90 135 113 113 90 113 113 113 90 135 90 90 113 113 90 90 113 90 90 135 90 90 113 113 113 90 113 113 113 90 113 113 113 113 113 90 90 90 90 113 113 113 113 90 90 113 113 113 113 113 135 113 113 90 135 90 90 113 90 113 90 113 113 90 113 113 90 90 90 90 90 113 90 113 113 90 113 90
 2340 2436 4140 1.67 1.02 
 90 90 113 113 90 90 113 90 135 113 90 90 113 113 90 113 90 90 90 99999 90 113 90 135 113 113 90 113 113 113 90 135 90 90 113 113 90 90 113 90 90 135 90 90 113 113 113 90 113 113 113 90 113 113 113 113 113 90 90 90 90 113 113 113 113 90 90 113 113 113 113 113 135 113 113 90 135 90 90 113 90 113 90 113 113 90 113 113 90 90 90 90 90 113 90 113 113 90 113 90
 2619 3111 4419 1.02 1.29 
 90 90 113 113 90 90 113 90 135 113 90 90 113 113 90 113 90 90 90 90 99999 113 90 135 113 113 90 113 113 113 90 135 90 90 113 113 90 90 113 90 90 135 90 90 113 113 113 90 113 113 113 90 113 113 113 113 113 90 90 90 90 113 113 113 113 90 90 113 113 113 113 113 135 113 113 90 135 90 90 113 90 113 90 113 113 90 113 113 90 90 90 90 90 113 90 113 113 90 113 90
 2705 2967 4505 1.26 1.09 
 68 68 90 68 68 68 90 68 90 68 68 68 90 68 68 68 68 68 68 68 68 99999 68 90 90 68 68 68 68 68 68 90 68 68 68 90 68 68 68 68 68 90 68 68 68 90 90 68 68 68 68 68 90 68 68 90 90 68 68 68 68 68 90 90 90 68 68 68 90 90 68 68 90 90 68 68 90 68 68 90 68 68 68 68 68 68 68 68 68 68 68 68 68 68 68 68 68 68 90 68
 2726 2971 4526 1.70 1.50 
 90 90 113 113 90 90 113 90 135 113 90 90 113 113 90 113 90 90 90 90 90 113 99999 135 113 113 90 113 113 113 90 135 90 90 113 113 90 90 113 90 90 135 90 90 113 113 113 90 113 113 113 90 113 113 113 113 113 90 90 90 90 113 113 113 113 90 90 113 113 113 113 113 135 113 113 90 135 90 90 113 90 113 90 113 113 90 113 113 90 90 90 90 90 113 90 113 113 90 113 90
 2803 2918 4603 1.08 1.90 
 68 68 68 68 68 68 68 68 68 68 68 68 68 68 68 68 68 68 68 68 68 68 68 99999 68 68 68 68 68 68 68 68 68 68 68 68 68 68 68 68 68 68 68 68 68 68 68 68 68 68 68 68 68 68 68 68 68 68 68 68 68 68 68 68 68 68 68 68 68 68 68 68 68 68 68 68 68 68 68 68 68 68 68 68 68 68 68 68 68 68 68 68 68 68 68 68 68 68 68 68
 2882 3258 4682 1.58 1.83 
 68 68 68 68 68 68 68 68 68 68 68 68 68 68 68 68 68 68 68 68 68 68 68 68 99999 68 68 68 68 68 68 68 68 68 68 68 68 68 68 68 68 68 68 68 68 68 68 68 68 68 68 68 68 68 68 68 68 68 68 68 68 68 68 68 68 68 68 68 68 68 68 68 68 68 68 68 68 68 68 68 68 68 68 68 68 68 68 68 68 68 68 68 68 68 68 68 68 68 68 68
 3246 3728 5046 1.08 1.87 
 68 68 90 68 68 68 90 68 90 68 68 68 90 68 68 68 68 68 68 68 68 68 68 90 90 99999 68 68 68 68 68 90 68 68 68 90 68 68 68 68 68 90 68 68 68 90 90 68 68 68 68 68 90 68 68 90 90 68 68 68 68 68 90 90 90 68 68 68 90 90 68 68 90 90 68 68 90 68 68 90 68 68 68 68 68 68 68 68 68 68 68 68 68 68 68 68 68 68 90 68
 3335 3468 5135 1.14 1.29 
 90 90 113 113 90 90 113 90 135 113 90 90 113 113 90 113 90 90 90 90 90 113 90 135 113 113 99999 113 113 113 90 135 90 90 113 113 90 90 113 90 90 135 90 90 113 113 113 90 113 113 113 90 113 113 113 113 113 90 90 90 90 113 113 113 113 90 90 113 113 113 113 113 135 113 113 90 135 90 90 113 90 113 90 113 113 90 113 113 90 90 90 90 90 113 90 113 113 90 113 90
 3357 3750 5157 1.20 1.10 
 68 68 90 68 68 68 90 68 90 68 68 68 90 68 68 68 68 68 68 68 68 68 68 90 90 68 68 99999 68 68 68 90 68 68 68 90 68 68 68 68 68 90 68 68 68 90 90 68 68 68 68 68 90 68 68 90 90 68 68 68 68 68 90 90 90 68 68 68 90 90 68 68 90 90 68 68 90 68 68 90 68 68 68 68 68 68 68 68 68 68 68 68 68 68 68 68 68 68 90 68
 3368 3647 5168 1.55 1.78 
 68 68 90 68 68 68 90 68 90 68 68 68 90 68 68 68 68 68 68 68 68 68 68 90 90 68 68 68 99999 68 68 90 68 68 68 90 68 68 68 68 68 90 68 68 68 90 90 68 68 68 68 68 90 68 68 90 90 68 68 68 68 68 90 90 90 68 68 68 90 90 68 68 90 90 68 68 90 68 68 90 68 68 68 68 68 68 68 68 68 68 68 68 68 68 68 68 68 68 90 68
 3428 3495 5228 1.20 1.44 
 68 68 90 68 68 68 90 68 90 68 68 68 90 68 68 68 68 68 68 68 68 68 68 90 90 68 68 68 68 99999 68 90 68 68 68 90 68 68 68 68 68 90 68 68 68 90 90 68 68 68 68 68 90 68 68 90 90 68 68 68 68 68 90 90 90 68 68 68 90 90 68 68 90 90 68 68 90 68 68 90 68 68 68 68 68 68 68 68 68 68 68 68 68 68 68 68 68 68 90 68
 3463 3579 5263 1.27 1.74 
 90 90 113 113 90 90 113 90 135 113 90 90 113 113 90 113 90 90 90 90 90 113 90 135 113 113 90 113 113 113 99999 135 90 90 113 113 90 90 113 90 90 135 90 90 113 113 113 90 113 113 113 90 113 113 113 113 113 90 90 90 90 113 113 113 113 90 90 113 113 113 113 113 135 113 113 90 135 90 90 113 90 113 90 113 113 90 113 113 90 90 90 90 90 113 90 113 113 90 113 90
 3495 4079 5295 1.97 1.78 
 68 68 68 68 68 68 68 68 68 68 68 68 68 68 68 68 68 68 68 68 68 68 68 68 68 68 68 68 68 68 68 99999 68 68 68 68 68 68 68 68 68 68 68 68 68 68 68 68 68 68 68 68 68 68 68 68 68 68 68 68 68 68 68 68 68 68 68 68 68 68 68 68 68 68 68 68 68 68 68 68 68 68 68 68 68 68 68 68 68 68 68 68 68 68 68 68 68 68 68 68
 3544 3764 5344 1.38 1.04 
 90 90 113 113 90 90 113 90 135 113 90 90 113 113 90 113 90 90 90 90 90 113 90 135 113 113 90 113 113 113 90 135 99999 90 113 113 90 90 113 90 90 135 90 90 113 113 113 90 113 113 113 90 113 113 113 113 113 90 90 90 90 113 113 113 113 90 90 113 113 113 113 113 135 113 113 90 135 90 90 113 90 113 90 113 113 90 113 113 90 90 90 90 90 113 90 113 113 90 113 90
 3623 3749 5423 1.66 1.52 
 90 90 113 113 90 90 113 90 135 113 90 90 113 113 90 113 90 90 90 90 90 113 90 135 113 113 90 113 113 113 90 135 90 99999 113 113 90 90 113 90 90 135 90 90 113 113 113 90 113 113 113 90 113 113 113 113 113 90 90 90 90 113 113 113 113 90 90 113 113 113 113 113 135 113 113 90 135 90 90 113 90 113 90 113 113 90 113 113 90 90 90 90 90 113 90 113 113 90 113 90
 3632 3854 5432 1.88 1.99 
 68 68 90 68 68 68 90 68 90 68 68 68 90 68 68 68 68 68 68 68 68 68 68 90 90 68 68 68 68 68 68 90 68 68 99999 90 68 68 68 68 68 90 68 68 68 90 90 68 68 68 68 68 90 68 68 90 90 68 68 68 68 68 90 90 90 68 68 68 90 90 68 68 90 90 68 68 90 68 68 90 68 68 68 68 68 68 68 68 68 68 68 68 68 68 68 68 68 68 90 68
 3723 4273 5523 1.56 1.85 
 68 68 68 68 68 68 68 68 68 68 68 68 68 68 68 68 68 68 68 68 68 68 68 68 68 68 68 68 68 68 68 68 68 68 68 99999 68 68 68 68 68 68 68 68 68 68 68 68 68 68 68 68 68 68 68 68 68 68 68 68 68 68 68 68 68 68 68 68 68 68 68 68 68 68 68 68 68 68 68 68 68 68 68 68 68 68 68 68 68 68 68 68 68 68 68 68 68 68 68 68
 4190 4469 5990 1.20 1.75 
 90 90 113 113 90 90 113 90 135 113 90 90 113 113 90 113 90 90 90 90 90 113 90 135 113 113 90 113 113 113 90 135 90 90 113 113 99999 90 113 90 90 135 90 90 113 113 113 90 113 113 113 90 113 113 113 113 113 90 90 90 90 113 113 113 113 90 90 113 113 113 113 113 135 113 113 90 135 90 90 113 90 113 90 113 113 90 113 113 90 90 90 90 90 113 90 113 113 90 113 90
 4220 4771 6020 1.94 1.29 
 90 90 113 113 90 90 113 90 135 113 90 90 113 113 90 113 90 90 90 90 90 113 90 135 113 113 90 113 113 113 90 135 90 90 113 113 90 99999 113 90 90 135 90 90 113 113 113 90 113 113 113 90 113 113 113 113 113 90 90 90 90 113 113 113 113 90 90 113 113 113 113 113 135 113 113 90 135 90 90 113 90 113 90 113 113 90 113 113 90 90 90 90 90 113 90 113 113 90 113 90
 4246 4836 6046 1.99 1.84 
 68 68 90 68 68 68 90 68 90 68 68 68 90 68 68 68 68 68 68 68 68 68 68 90 90 68 68 68 68 68 68 90 68 68 68 90 68 68 99999 68 68 90 68 68 68 90 90 68 68 68 68 68 90 68 68 90 90 68 68 68 68 68 90 90 90 68 68 68 90 90 68 68 90 90 68 68 90 68 68 90 68 68 68 68 68 68 68 68 68 68 68 68 68 68 68 68 68 68 90 68
 4376 4695 6176 1.30 1.18 
 90 90 113 113 90 90 113 90 135 113 90 90 113 113 90 113 90 90 90 90 90 113 90 135 113 113 90 113 113 113 90 135 90 90 113 113 90 90 113 99999 90 135 90 90 113 113 113 90 113 113 113 90 113 113 113 113 113 90 90 90 90 113 113 113 113 90 90 113 113 113 113 113 135 113 113 90 135 90 90 113 90 113 90 113 113 90 113 113 90 90 90 90 90 113 90 113 113 90 113 90
 4483 4829 6283 1.67 1.81 
 90 90 113 113 90 90 113 90 135 113 90 90 113 113 90 113 90 90 90 90 90 113 90 135 113 113 90 113 113 113 90 135 90 90 113 113 90 90 113 90 99999 135 90 90 113 113 113 90 113 113 113 90 113 113 113 113 113 90 90 90 90 113 113 113 113 90 90 113 113 113 113 113 135 113 113 90 135 90 90 113 90 113 90 113 113 90 113 113 90 90 90 90 90 113 90 113 113 90 113 90
 4894 5400 6694 1.30 1.08 
 68 68 68 68 68 68 68 68 68 68 68 68 68 68 68 68 68 68 68 68 68 68 68 68 68 68 68 68 68 68 68 68 68 68 68 68 68 68 68 68 68 99999 68 68 68 68 68 68 68 68 68 68 68 68 68 68 68 68 68 68 68 68 68 68 68 68 68 68 68 68 68 68 68 68 68 68 68 68 68 68 68 68 68 68 68 68 68 68 68 68 68 68 68 68 68 68 68 68 68 68
 4965 5536 6765 1.20 1.75 
 90 90 113 113 90 90 113 90 135 113 90 90 113 113 90 113 90 90 90 90 90 113 90 135 113 113 90 113 113 113 90 135 90 90 113 113 90 90 113 90 90 135 99999 90 113 113 113 90 113 113 113 90 113 113 113 113 113 90 90 90 90 113 113 113 113 90 90 113 113 113 113 113 135 113 113 90 135 90 90 113 90 113 90 113 113 90 113 113 90 90 90 90 90 113 90 113 113 90 113 90
 4982 5224 6782 1.57 1.72 
 90 90 113 113 90 90 113 90 135 113 90 90 113 113 90 113 90 90 90 90 90 113 90 135 113 113 90 113 113 113 90 135 90 90 113 113 90 90 113 90 90 135 90 99999 113 113 113 90 113 113 113 90 113 113 113 113 113 90 90 90 90 113 113 113 113 90 90 113 113 113 113 113 135 113 113 90 135 90 90 113 90 113 90 113 113 90 113 113 90 90 90 90 90 113 90 113 113 90 113 90
 5021 5443 6821 1.57 1.78 
 68 68 90 68 68 68 90 68 90 68 68 68 90 68 68 68 68 68 68 68 68 68 68 90 90 68 68 68 68 68 68 90 68 68 68 90 68 68 68 68 68 90 68 68 99999 90 90 68 68 68 68 68 90 68 68 90 90 68 68 68 68 68 90 90 90 68 68 68 90 90 68 68 90 90 68 68 90 68 68 90 68 68 68 68 68 68 68 68 68 68 68 68 68 68 68 68 68 68 90 68
 5030 5492 6830 1.22 1.35 
 68 68 68 68 68 68 68 68 68 68 68 68 68 68 68 68 68 68 68 68 68 68 68 68 68 68 68 68 68 68 68 68 68 68 68 68 68 68 68 68 68 68 68 68 68 99999 68 68 68 68 68 68 68 68 68 68 68 68 68 68 68 68 68 68 68 68 68 68 68 68 68 68 68 68 68 68 68 68 68 68 68 68 68 68 68 68 68 68 68 68 68 68 68 68 68 68 68 68 68 68
 5145 5373 6945 1.70 1.08 
 68 68 68 68 68 68 68 68 68 68 68 68 68 68 68 68 68 68 68 68 68 68 68 68 68 68 68 68 68 68 68 68 68 68 68 68 68 68 68 68 68 68 68 68 68 68 99999 68 68 68 68 68 68 68 68 68 68 68 68 68 68 68 68 68 68 68 68 68 68 68 68 68 68 68 68 68 68 68 68 68 68 68 68 68 68 68 68 68 68 68 68 68 68 68 68 68 68 68 68 68
 5175 5731 6975 1.99 1.20 
 90 90 113 113 90 90 113 90 135 113 90 90 113 113 90 113 90 90 90 90 90 113 90 135 113 113 90 113 113 113 90 135 90 90 113 113 90 90 113 90 90 135 90 90 113 113 113 99999 113 113 113 90 113 113 113 113 113 90 90 90 90 113 113 113 113 90 90 113 113 113 113 113 135 113 113 90 135 90 90 113 90 113 90 113 113 90 113 113 90 90 90 90 90 113 90 113 113 90 113 90
 5214 5749 7014 1.19 1.37 
 68 68 90 68 68 68 90 68 90 68 68 68 90 68 68 68 68 68 68 68 68 68 68 90 90 68 68 68 68 68 68 90 68 68 68 90 68 68 68 68 68 90 68 68 68 90 90 68 99999 68 68 68 90 68 68 90 90 68 68 68 68 68 90 90 90 68 68 68 90 90 68 68 90 90 68 68 90 68 68 90 68 68 68 68 68 68 68 68 68 68 68 68 68 68 68 68 68 68 90 68
 5224 5588 7024 1.13 1.55 
 68 68 90 68 68 68 90 68 90 68 68 68 90 68 68 68 68 68 68 68 68 68 68 90 90 68 68 68 68 68 68 90 68 68 68 90 68 68 68 68 68 90 68 68 68 90 90 68 68 99999 68 68 90 68 68 90 90 68 68 68 68 68 90 90 90 68 68 68 90 90 68 68 90 90 68 68 90 68 68 90 68 68 68 68 68 68 68 68 68 68 68 68 68 68 68 68 68 68 90 68
 5346 5636 7146 1.61 1.92 
 68 68 90 68 68 68 90 68 90 68 68 68 90 68 68 68 68 68 68 68 68 68 68 90 90 68 68 68 68 68 68 90 68 68 68 90 68 68 68 68 68 90 68 68 68 90 90 68 68 68 99999 68 90 68 68 90 90 68 68 68 68 68 90 90 90 68 68 68 90 90 68 68 90 90 68 68 90 68 68 90 68 68 68 68 68 68 68 68 68 68 68 68 68 68 68 68 68 68 90 68
 5588 5946 7388 1.46 1.74 
 90 90 113 113 90 90 113 90 135 113 90 90 113 113 90 113 90 90 90 90 90 113 90 135 113 113 90 113 113 113 90 135 90 90 113 113 90 90 113 90 90 135 90 90 113 113 113 90 113 113 113 99999 113 113 113 113 113 90 90 90 90 113 113 113 113 90 90 113 113 113 113 113 135 113 113 90 135 90 90 113 90 113 90 113 113 90 113 113 90 90 90 90 90 113 90 113 113 90 113 90
 5691 6145 7491 1.97 1.89 
 68 68 68 68 68 68 68 68 68 68 68 68 68 68 68 68 68 68 68 68 68 68 68 68 68 68 68 68 68 68 68 68 68 68 68 68 68 68 68 68 68 68 68 68 68 68 68 68 68 68 68 68 99999 68 68 68 68 68 68 68 68 68 68 68 68 68 68 68 68 68 68 68 68 68 68 68 68 68 68 68 68 68 68 68 68 68 68 68 68 68 68 68 68 68 68 68 68 68 68 68
 5704 6074 7504 1.75 1.38 
 68 68 90 68 68 68 90 68 90 68 68 68 90 68 68 68 68 68 68 68 68 68 68 90 90 68 68 68 68 68 68 90 68 68 68 90 68 68 68 68 68 90 68 68 68 90 90 68 68 68 68 68 90 99999 68 90 90 68 68 68 68 68 90 90 90 68 68 68 90 90 68 68 90 90 68 68 90 68 68 90 68 68 68 68 68 68 68 68 68 68 68 68 68 68 68 68 68 68 90 68
 5808 6223 7608 1.61 1.20 
 68 68 90 68 68 68 90 68 90 68 68 68 90 68 68 68 68 68 68 68 68 68 68 90 90 68 68 68 68 68 68 90 68 68 68 90 68 68 68 68 68 90 68 68 68 90 90 68 68 68 68 68 90 68 99999 90 90 68 68 68 68 68 90 90 90 68 68 68 90 90 68 68 90 90 68 68 90 68 68 90 68 68 68 68 68 68 68 68 68 68 68 68 68 68 68 68 68 68 90 68
 5944 6521 7744 1.89 1.09 
 68 68 68 68 68 68 68 68 68 68 68 68 68 68 68 68 68 68 68 68 68 68 68 68 68 68 68 68 68 68 68 68 68 68 68 68 68 68 68 68 68 68 68 68 68 68 68 68 68 68 68 68 68 68 68 99999 68 68 68 68 68 68 68 68 68 68 68 68 68 68 68 68 68 68 68 68 68 68 68 68 68 68 68 68 68 68 68 68 68 68 68 68 68 68 68 68 68 68 68 68
 5981 6404 7781 1.17 1.50 
 68 68 68 68 68 68 68 68 68 68 68 68 68 68 68 68 68 68 68 68 68 68 68 68 68 68 68 68 68 68 68 68 68 68 68 68 68 68 68 68 68 68 68 68 68 68 68 68 68 68 68 68 68 68 68 68 99999 68 68 68 68 68 68 68 68 68 68 68 68 68 68 68 68 68 68 68 68 68 68 68 68 68 68 68 68 68 68 68 68 68 68 68 68 68 68 68 68 68 68 68
 6102 6455 7902 1.47 1.32 
 90 90 113 113 90 90 113 90 135 113 90 90 113 113 90 113 90 90 90 90 90 113 90 135 113 113 90 113 113 113 90 135 90 90 113 113 90 90 113 90 90 135 90 90 113 113 113 90 113 113 113 90 113 113 113 113 113 99999 90 90 90 113 113 113 113 90 90 113 113 113 113 113 135 113 113 90 135 90 90 113 90 113 90 113 113 90 113 113 90 90 90 90 90 113 90 113 113 90 113 90
 6208 6344 8008 1.44 1.87 
 90 90 113 113 90 90 113 90 135 113 90 90 113 113 90 113 90 90 90 90 90 113 90 135 113 113 90 113 113 113 90 135 90 90 113 113 90 90 113 90 90 135 90 90 113 113 113 90 113 113 113 90 113 113 113 113 113 90 99999 90 90 113 113 113 113 90 90 113 113 113 113 113 135 113 113 90 135 90 90 113 90 113 90 113 113 90 113 113 90 90 90 90 90 113 90 113 113 90 113 90
 6582 6867 8382 1.39 1.89 
 90 90 113 113 90 90 113 90 135 113 90 90 113 113 90 113 90 90 90 90 90 113 90 135 113 113 90 113 113 113 90 135 90 90 113 113 90 90 113 90 90 135 90 90 113 113 113 90 113 113 113 90 113 113 113 113 113 90 90 99999 90 113 113 113 113 90 90 113 113 113 113 113 135 113 113 90 135 90 90 113 90 113 90 113 113 90 113 113 90 90 90 90 90 113 90 113 113 90 113 90
 6842 6972 8642 1.80 1.29 
 90 90 113 113 90 90 113 90 135 113 90 90 113 113 90 113 90 90 90 90 90 113 90 135 113 113 90 113 113 113 90 135 90 90 113 113 90 90 113 90 90 135 90 90 113 113 113 90 113 113 113 90 113 113 113 113 113 90 90 90 99999 113 113 113 113 90 90 113 113 113 113 113 135 113 113 90 135 90 90 113 90 113 90 113 113 90 113 113 90 90 90 90 90 113 90 113 113 90 113 90
 7168 7439 8968 1.80 1.54 
 68 68 90 68 68 68 90 68 90 68 68 68 90 68 68 68 68 68 68 68 68 68 68 90 90 68 68 68 68 68 68 90 68 68 68 90 68 68 68 68 68 90 68 68 68 90 90 68 68 68 68 68 90 68 68 90 90 68 68 68 68 99999 90 90 90 68 68 68 90 90 68 68 90 90 68 68 90 68 68 90 68 68 68 68 68 68 68 68 68 68 68 68 68 68 68 68 68 68 90 68
 7240 7635 9040 1.07 1.46 
 68 68 68 68 68 68 68 68 68 68 68 68 68 68 68 68 68 68 68 68 68 68 68 68 68 68 68 68 68 68 68 68 68 68 68 68 68 68 68 68 68 68 68 68 68 68 68 68 68 68 68 68 68 68 68 68 68 68 68 68 68 68 99999 68 68 68 68 68 68 68 68 68 68 68 68 68 68 68 68 68 68 68 68 68 68 68 68 68 68 68 68 68 68 68 68 68 68 68 68 68
 7508 7824 9308 1.82 1.27 
 68 68 68 68 68 68 68 68 68 68 68 68 68 68 68 68 68 68 68 68 68 68 68 68 68 68 68 68 68 68 68 68 68 68 68 68 68 68 68 68 68 68 68 68 68 68 68 68 68 68 68 68 68 68 68 68 68 68 68 68 68 68 68 99999 68 68 68 68 68 68 68 68 68 68 68 68 68 68 68 68 68 68 68 68 68 68 68 68 68 68 68 68 68 68 68 68 68 68 68 68
 7632 8162 9432 1.55 1.80 
 68 68 68 68 68 68 68 68 68 68 68 68 68 68 68 68 68 68 68 68 68 68 68 68 68 68 68 68 68 68 68 68 68 68 68 68 68 68 68 68 68 68 68 68 68 68 68 68 68 68 68 68 68 68 68 68 68 68 68 68 68 68 68 68 99999 68 68 68 68 68 68 68 68 68 68 68 68 68 68 68 68 68 68 68 68 68 68 68 68 68 68 68 68 68 68 68 68 68 68 68
 7635 8124 9435 1.49 1.50 
 90 90 113 113 90 90 113 90 135 113 90 90 113 113 90 113 90 90 90 90 90 113 90 135 113 113 90 113 113 113 90 135 90 90 113 113 90 90 113 90 90 135 90 90 113 113 113 90 113 113 113 90 113 113 113 113 113 90 90 90 90 113 113 113 113 99999 90 113 113 113 113 113 135 113 113 90 135 90 90 113 90 113 90 113 113 90 113 113 90 90 90 90 90 113 90 113 113 90 113 90
 7725 8080 9525 1.37 1.51 
 90 90 113 113 90 90 113 90 135 113 90 90 113 113 90 113 90 90 90 90 90 113 90 135 113 113 90 113 113 113 90 135 90 90 113 113 90 90 113 90 90 135 90 90 113 113 113 90 113 113 113 90 113 113 113 113 113 90 90 90 90 113 113 113 113 90 99999 113 113 113 113 113 135 113 113 90 135 90 90 113 90 113 90 113 113 90 113 113 90 90 90 90 90 113 90 113 113 90 113 90
 7774 8149 9574 1.65 1.26 
 68 68 90 68 68 68 90 68 90 68 68 68 90 68 68 68 68 68 68 68 68 68 68 90 90 68 68 68 68 68 68 90 68 68 68 90 68 68 68 68 68 90 68 68 68 90 90 68 68 68 68 68 90 68 68 90 90 68 68 68 68 68 90 90 90 68 68 99999 90 90 68 68 90 90 68 68 90 68 68 90 68 68 68 68 68 68 68 68 68 68 68 68 68 68 68 68 68 68 90 68
 8071 8291 9871 1.80 1.85 
 68 68 68 68 68 68 68 68 68 68 68 68 68 68 68 68 68 68 68 68 68 68 68 68 68 68 68 68 68 68 68 68 68 68 68 68 68 68 68 68 68 68 68 68 68 68 68 68 68 68 68 68 68 68 68 68 68 68 68 68 68 68 68 68 68 68 68 68 99999 68 68 68 68 68 68 68 68 68 68 68 68 68 68 68 68 68 68 68 68 68 68 68 68 68 68 68 68 68 68 68
 8152 8349 9952 1.73 1.02 
 68 68 68 68 68 68 68 68 68 68 68 68 68 68 68 68 68 68 68 68 68 68 68 68 68 68 68 68 68 68 68 68 68 68 68 68 68 68 68 68 68 68 68 68 68 68 68 68 68 68 68 68 68 68 68 68 68 68 68 68 68 68 68 68 68 68 68 68 68 99999 68 68 68 68 68 68 68 68 68 68 68 68 68 68 68 68 68 68 68 68 68 68 68 68 68 68 68 68 68 68
 8244 8715 10044 1.96 1.53 
 68 68 90 68 68 68 90 68 90 68 68 68 90 68 68 68 68 68 68 68 68 68 68 90 90 68 68 68 68 68 68 90 68 68 68 90 68 68 68 68 68 90 68 68 68 90 90 68 68 68 68 68 90 68 68 90 90 68 68 68 68 68 90 90 90 68 68 68 90 90 99999 68 90 90 68 68 90 68 68 90 68 68 68 68 68 68 68 68 68 68 68 68 68 68 68 68 68 68 90 68
 8350 8455 10150 1.74 1.53 
 68 68 90 68 68 68 90 68 90 68 68 68 90 68 68 68 68 68 68 68 68 68 68 90 90 68 68 68 68 68 68 90 68 68 68 90 68 68 68 68 68 90 68 68 68 90 90 68 68 68 68 68 90 68 68 90 90 68 68 68 68 68 90 90 90 68 68 68 90 90 68 99999 90 90 68 68 90 68 68 90 68 68 68 68 68 68 68 68 68 68 68 68 68 68 68 68 68 68 90 68
 8623 8903 10423 1.77 1.61 
 68 68 68 68 68 68 68 68 68 68 68 68 68 68 68 68 68 68 68 68 68 68 68 68 68 68 68 68 68 68 68 68 68 68 68 68 68 68 68 68 68 68 68 68 68 68 68 68 68 68 68 68 68 68 68 68 68 68 68 68 68 68 68 68 68 68 68 68 68 68 68 68 99999 68 68 68 68 68 68 68 68 68 68 68 68 68 68 68 68 68 68 68 68 68 68 68 68 68 68 68
 9001 9293 10801 1.54 1.29 
 68 68 68 68 68 68 68 68 68 68 68 68 68 68 68 68 68 68 68 68 68 68 68 68 68 68 68 68 68 68 68 68 68 68 68 68 68 68 68 68 68 68 68 68 68 68 68 68 68 68 68 68 68 68 68 68 68 68 68 68 68 68 68 68 68 68 68 68 68 68 68 68 68 99999 68 68 68 68 68 68 68 68 68 68 68 68 68 68 68 68 68 68 68 68 68 68 68 68 68 68
 9365 9508 11165 1.48 1.65 
 68 68 90 68 68 68 90 68 90 68 68 68 90 68 68 68 68 68 68 68 68 68 68 90 90 68 68 68 68 68 68 90 68 68 68 90 68 68 68 68 68 90 68 68 68 90 90 68 68 68 68 68 90 68 68 90 90 68 68 68 68 68 90 90 90 68 68 68 90 90 68 68 90 90 99999 68 90 68 68 90 68 68 68 68 68 68 68 68 68 68 68 68 68 68 68 68 68 68 90 68
 9569 9988 11369 1.62 1.82 
 90 90 113 113 90 90 113 90 135 113 90 90 113 113 90 113 90 90 90 90 90 113 90 135 113 113 90 113 113 113 90 135 90 90 113 113 90 90 113 90 90 135 90 90 113 113 113 90 113 113 113 90 113 113 113 113 113 90 90 90 90 113 113 113 113 90 90 113 113 113 113 113 135 113 113 99999 135 90 90 113 90 113 90 113 113 90 113 113 90 90 90 90 90 113 90 113 113 90 113 90
 9630 9796 11430 1.73 1.53 
 68 68 68 68 68 68 68 68 68 68 68 68 68 68 68 68 68 68 68 68 68 68 68 68 68 68 68 68 68 68 68 68 68 68 68 68 68 68 68 68 68 68 68 68 68 68 68 68 68 68 68 68 68 68 68 68 68 68 68 68 68 68 68 68 68 68 68 68 68 68 68 68 68 68 68 68 99999 68 68 68 68 68 68 68 68 68 68 68 68 68 68 68 68 68 68 68 68 68 68 68
 9820 10300 11620 1.76 1.99 
 90 90 113 113 90 90 113 90 135 113 90 90 113 113 90 113 90 90 90 90 90 113 90 135 113 113 90 113 113 113 90 135 90 90 113 113 90 90 113 90 90 135 90 90 113 113 113 90 113 113 113 90 113 113 113 113 113 90 90 90 90 113 113 113 113 90 90 113 113 113 113 113 135 113 113 90 135 99999 90 113 90 113 90 113 113 90 113 113 90 90 90 90 90 113 90 113 113 90 113 90
 9822 10108 11622 1.76 1.83 
 90 90 113 113 90 90 113 90 135 113 90 90 113 113 90 113 90 90 90 90 90 113 90 135 113 113 90 113 113 113 90 135 90 90 113 113 90 90 113 90 90 135 90 90 113 113 113 90 113 113 113 90 113 113 113 113 113 90 90 90 90 113 113 113 113 90 90 113 113 113 113 113 135 113 113 90 135 90 99999 113 90 113 90 113 113 90 113 113 90 90 90 90 90 113 90 113 113 90 113 90
 10119 10666 11919 1.61 1.75 
 68 68 68 68 68 68 68 68 68 68 68 68 68 68 68 68 68 68 68 68 68 68 68 68 68 68 68 68 68 68 68 68 68 68 68 68 68 68 68 68 68 68 68 68 68 68 68 68 68 68 68 68 68 68 68 68 68 68 68 68 68 68 68 68 68 68 68 68 68 68 68 68 68 68 68 68 68 68 68 99999 68 68 68 68 68 68 68 68 68 68 68 68 68 68 68 68 68 68 68 68
 10152 10704 11952 1.72 1.84 
 90 90 113 113 90 90 113 90 135 113 90 90 113 113 90 113 90 90 90 90 90 113 90 135 113 113 90 113 113 113 90 135 90 90 113 113 90 90 113 90 90 135 90 90 113 113 113 90 113 113 113 90 113 113 113 113 113 90 90 90 90 113 113 113 113 90 90 113 113 113 113 113 135 113 113 90 135 90 90 113 99999 113 90 113 113 90 113 113 90 90 90 90 90 113 90 113 113 90 113 90
 10388 10779 12188 1.97 1.26 
 68 68 90 68 68 68 90 68 90 68 68 68 90 68 68 68 68 68 68 68 68 68 68 90 90 68 68 68 68 68 68 90 68 68 68 90 68 68 68 68 68 90 68 68 68 90 90 68 68 68 68 68 90 68 68 90 90 68 68 68 68 68 90 90 90 68 68 68 90 90 68 68 90 90 68 68 90 68 68 90 68 99999 68 68 68 68 68 68 68 68 68 68 68 68 68 68 68 68 90 68
 10397 10944 12197 1.21 1.96 
 90 90 113 113 90 90 113 90 135 113 90 90 113 113 90 113 90 90 90 90 90 113 90 135 113 113 90 113 113 113 90 135 90 90 113 113 90 90 113 90 90 135 90 90 113 113 113 90 113 113 113 90 113 113 113 113 113 90 90 90 90 113 113 113 113 90 90 113 113 113 113 113 135 113 113 90 135 90 90 113 90 113 99999 113 113 90 113 113 90 90 90 90 90 113 90 113 113 90 113 90
 10411 10943 12211 1.05 1.19 
 68 68 90 68 68 68 90 68 90 68 68 68 90 68 68 68 68 68 68 68 68 68 68 90 90 68 68 68 68 68 68 90 68 68 68 90 68 68 68 68 68 90 68 68 68 90 90 68 68 68 68 68 90 68 68 90 90 68 68 68 68 68 90 90 90 68 68 68 90 90 68 68 90 90 68 68 90 68 68 90 68 68 68 99999 68 68 68 68 68 68 68 68 68 68 68 68 68 68 90 68
 10444 10515 12244 1.06 1.87 
 68 68 90 68 68 68 90 68 90 68 68 68 90 68 68 68 68 68 68 68 68 68 68 90 90 68 68 68 68 68 68 90 68 68 68 90 68 68 68 68 68 90 68 68 68 90 90 68 68 68 68 68 90 68 68 90 90 68 68 68 68 68 90 90 90 68 68 68 90 90 68 68 90 90 68 68 90 68 68 90 68 68 68 68 99999 68 68 68 68 68 68 68 68 68 68 68 68 68 90 68
 10741 11112 12541 1.74 1.88 
 90 90 113 113 90 90 113 90 135 113 90 90 113 113 90 113 90 90 90 90 90 113 90 135 113 113 90 113 113 113 90 135 90 90 113 113 90 90 113 90 90 135 90 90 113 113 113 90 113 113 113 90 113 113 113 113 113 90 90 90 90 113 113 113 113 90 90 113 113 113 113 113 135 113 113 90 135 90 90 113 90 113 90 113 113 99999 113 113 90 90 90 90 90 113 90 113 113 90 113 90
 10816 11288 12616 1.39 1.63 
 68 68 90 68 68 68 90 68 90 68 68 68 90 68 68 68 68 68 68 68 68 68 68 90 90 68 68 68 68 68 68 90 68 68 68 90 68 68 68 68 68 90 68 68 68 90 90 68 68 68 68 68 90 68 68 90 90 68 68 68 68 68 90 90 90 68 68 68 90 90 68 68 90 90 68 68 90 68 68 90 68 68 68 68 68 68 99999 68 68 68 68 68 68 68 68 68 68 68 90 68
 10858 11071 12658 1.14 1.10 
 68 68 90 68 68 68 90 68 90 68 68 68 90 68 68 68 68 68 68 68 68 68 68 90 90 68 68 68 68 68 68 90 68 68 68 90 68 68 68 68 68 90 68 68 68 90 90 68 68 68 68 68 90 68 68 90 90 68 68 68 68 68 90 90 90 68 68 68 90 90 68 68 90 90 68 68 90 68 68 90 68 68 68 68 68 68 68 99999 68 68 68 68 68 68 68 68 68 68 90 68
 10930 11353 12730 1.49 1.76 
 90 90 113 113 90 90 113 90 135 113 90 90 113 113 90 113 90 90 90 90 90 113 90 135 113 113 90 113 113 113 90 135 90 90 113 113 90 90 113 90 90 135 90 90 113 113 113 90 113 113 113 90 113 113 113 113 113 90 90 90 90 113 113 113 113 90 90 113 113 113 113 113 135 113 113 90 135 90 90 113 90 113 90 113 113 90 113 113 99999 90 90 90 90 113 90 113 113 90 113 90
 11043 11335 12843 1.91 1.85 
 90 90 113 113 90 90 113 90 135 113 90 90 113 113 90 113 90 90 90 90 90 113 90 135 113 113 90 113 113 113 90 135 90 90 113 113 90 90 113 90 90 135 90 90 113 113 113 90 113 113 113 90 113 113 113 113 113 90 90 90 90 113 113 113 113 90 90 113 113 113 113 113 135 113 113 90 135 90 90 113 90 113 90 113 113 90 113 113 90 99999 90 90 90 113 90 113 113 90 113 90
 11223 11428 13023 1.00 1.50 
 90 90 113 113 90 90 113 90 135 113 90 90 113 113 90 113 90 90 90 90 90 113 90 135 113 113 90 113 113 113 90 135 90 90 113 113 90 90 113 90 90 135 90 90 113 113 113 90 113 113 113 90 113 113 113 113 113 90 90 90 90 113 113 113 113 90 90 113 113 113 113 113 135 113 113 90 135 90 90 113 90 113 90 113 113 90 113 113 90 90 99999 90 90 113 90 113 113 90 113 90
 11279 11713 13079 1.84 1.84 
 90 90 113 113 90 90 113 90 135 113 90 90 113 113 90 113 90 90 90 90 90 113 90 135 113 113 90 113 113 113 90 135 90 90 113 113 90 90 113 90 90 135 90 90 113 113 113 90 113 113 113 90 113 113 113 113 113 90 90 90 90 113 113 113 113 90 90 113 113 113 113 113 135 113 113 90 135 90 90 113 90 113 90 113 113 90 113 113 90 90 90 99999 90 113 90 113 113 90 113 90
 11570 11959 13370 1.53 1.95 
 90 90 113 113 90 90 113 90 135 113 90 90 113 113 90 113 90 90 90 90 90 113 90 135 113 113 90 113 113 113 90 135 90 90 113 113 90 90 113 90 90 135 90 90 113 113 113 90 113 113 113 90 113 113 113 113 113 90 90 90 90 113 113 113 113 90 90 113 113 113 113 113 135 113 113 90 135 90 90 113 90 113 90 113 113 90 113 113 90 90 90 90 99999 113 90 113 113 90 113 90
 11689 12035 13489 1.02 1.78 
 68 68 90 68 68 68 90 68 90 68 68 68 90 68 68 68 68 68 68 68 68 68 68 90 90 68 68 68 68 68 68 90 68 68 68 90 68 68 68 68 68 90 68 68 68 90 90 68 68 68 68 68 90 68 68 90 90 68 68 68 68 68 90 90 90 68 68 68 90 90 68 68 90 90 68 68 90 68 68 90 68 68 68 68 68 68 68 68 68 68 68 68 68 99999 68 68 68 68 90 68
 11737 12031 13537 1.73 1.06 
 90 90 113 113 90 90 113 90 135 113 90 90 113 113 90 113 90 90 90 90 90 113 90 135 113 113 90 113 113 113 90 135 90 90 113 113 90 90 113 90 90 135 90 90 113 113 113 90 113 113 113 90 113 113 113 113 113 90 90 90 90 113 113 113 113 90 90 113 113 113 113 113 135 113 113 90 135 90 90 113 90 113 90 113 113 90 113 113 90 90 90 90 90 113 99999 113 113 90 113 90
 11942 12393 13742 1.44 1.68 
 68 68 90 68 68 68 90 68 90 68 68 68 90 68 68 68 68 68 68 68 68 68 68 90 90 68 68 68 68 68 68 90 68 68 68 90 68 68 68 68 68 90 68 68 68 90 90 68 68 68 68 68 90 68 68 90 90 68 68 68 68 68 90 90 90 68 68 68 90 90 68 68 90 90 68 68 90 68 68 90 68 68 68 68 68 68 68 68 68 68 68 68 68 68 68 99999 68 68 90 68
 12124 12655 13924 1.79 1.03 
 68 68 90 68 68 68 90 68 90 68 68 68 90 68 68 68 68 68 68 68 68 68 68 90 90 68 68 68 68 68 68 90 68 68 68 90 68 68 68 68 68 90 68 68 68 90 90 68 68 68 68 68 90 68 68 90 90 68 68 68 68 68 90 90 90 68 68 68 90 90 68 68 90 90 68 68 90 68 68 90 68 68 68 68 68 68 68 68 68 68 68 68 68 68 68 68 99999 68 90 68
 12136 12387 13936 1.99 1.26 
 90 90 113 113 90 90 113 90 135 113 90 90 113 113 90 113 90 90 90 90 90 113 90 135 113 113 90 113 113 113 90 135 90 90 113 113 90 90 113 90 90 135 90 90 113 113 113 90 113 113 113 90 113 113 113 113 113 90 90 90 90 113 113 113 113 90 90 113 113 113 113 113 135 113 113 90 135 90 90 113 90 113 90 113 113 90 113 113 90 90 90 90 90 113 90 113 113 99999 113 90
 12238 12550 14038 1.03 1.84 
 68 68 68 68 68 68 68 68 68 68 68 68 68 68 68 68 68 68 68 68 68 68 68 68 68 68 68 68 68 68 68 68 68 68 68 68 68 68 68 68 68 68 68 68 68 68 68 68 68 68 68 68 68 68 68 68 68 68 68 68 68 68 68 68 68 68 68 68 68 68 68 68 68 68 68 68 68 68 68 68 68 68 68 68 68 68 68 68 68 68 68 68 68 68 68 68 68 68 99999 68
 12323 12691 14123 1.71 1.52 
 90 90 113 113 90 90 113 90 135 113 90 90 113 113 90 113 90 90 90 90 90 113 90 135 113 113 90 113 113 113 90 135 90 90 113 113 90 90 113 90 90 135 90 90 113 113 113 90 113 113 113 90 113 113 113 113 113 90 90 90 90 113 113 113 113 90 90 113 113 113 113 113 135 113 113 90 135 90 90 113 90 113 90 113 113 90 113 113 90 90 90 90 90 113 90 113 113 90 113 99999
