 44 
 0 0 0 2.00 2.00 
 99999 96 200 200 200 96 96 96 200 96 200 96 200 200 96 200 200 96 200 200 96 96 200 96 200 200 200 200 96 96 200 96 200 96 96 200 200 200 96 96 96 96 96 200
 79 137 196 2.00 2.00 
 96 99999 200 200 200 96 96 96 200 96 200 96 200 200 96 200 200 96 200 200 96 96 200 96 200 200 200 200 96 96 200 96 200 96 96 200 200 200 96 96 96 96 96 200
 146 271 396 1.00 1.00 
 72 72 99999 80 80 72 72 72 80 72 80 72 80 80 72 80 80 72 80 80 72 72 80 72 80 80 80 80 72 72 80 72 80 72 72 80 80 80 72 72 72 72 72 80
 226 351 476 1.00 1.00 
 72 72 80 99999 80 72 72 72 80 72 80 72 80 80 72 80 80 72 80 80 72 72 80 72 80 80 80 80 72 72 80 72 80 72 72 80 80 80 72 72 72 72 72 80
 306 431 556 1.00 1.00 
 72 72 80 80 99999 72 72 72 80 72 80 72 80 80 72 80 80 72 80 80 72 72 80 72 80 80 80 80 72 72 80 72 80 72 72 80 80 80 72 72 72 72 72 80
 378 503 628 2.00 2.00 
 96 96 200 200 200 99999 96 96 200 96 200 96 200 200 96 200 200 96 200 200 96 96 200 96 200 200 200 200 96 96 200 96 200 96 96 200 200 200 96 96 96 96 96 200
 528 626 724 2.00 2.00 
 96 96 200 200 200 96 99999 96 200 96 200 96 200 200 96 200 200 96 200 200 96 96 200 96 200 200 200 200 96 96 200 96 200 96 96 200 200 200 96 96 96 96 96 200
 635 727 820 2.00 2.00 
 96 96 200 200 200 96 96 99999 200 96 200 96 200 200 96 200 200 96 200 200 96 96 200 96 200 200 200 200 96 96 200 96 200 96 96 200 200 200 96 96 96 96 96 200
 770 895 1020 1.00 1.00 
 72 72 80 80 80 72 72 72 99999 72 80 72 80 80 72 80 80 72 80 80 72 72 80 72 80 80 80 80 72 72 80 72 80 72 72 80 80 80 72 72 72 72 72 80
 842 967 1092 2.00 2.00 
 96 96 200 200 200 96 96 96 200 99999 200 96 200 200 96 200 200 96 200 200 96 96 200 96 200 200 200 200 96 96 200 96 200 96 96 200 200 200 96 96 96 96 96 200
 1042 1167 1292 1.00 1.00 
 72 72 80 80 80 72 72 72 80 72 99999 72 80 80 72 80 80 72 80 80 72 72 80 72 80 80 80 80 72 72 80 72 80 72 72 80 80 80 72 72 72 72 72 80
 1114 1239 1364 2.00 2.00 
 96 96 200 200 200 96 96 96 200 96 200 99999 200 200 96 200 200 96 200 200 96 96 200 96 200 200 200 200 96 96 200 96 200 96 96 200 200 200 96 96 96 96 96 200
 1314 1439 1564 1.00 1.00 
 72 72 80 80 80 72 72 72 80 72 80 72 99999 80 72 80 80 72 80 80 72 72 80 72 80 80 80 80 72 72 80 72 80 72 72 80 80 80 72 72 72 72 72 80
 1394 1519 1644 1.00 1.00 
 72 72 80 80 80 72 72 72 80 72 80 72 80 99999 72 80 80 72 80 80 72 72 80 72 80 80 80 80 72 72 80 72 80 72 72 80 80 80 72 72 72 72 72 80
 1466 1591 1716 2.00 2.00 
 96 96 200 200 200 96 96 96 200 96 200 96 200 200 99999 200 200 96 200 200 96 96 200 96 200 200 200 200 96 96 200 96 200 96 96 200 200 200 96 96 96 96 96 200
 1666 1791 1916 1.00 1.00 
 72 72 80 80 80 72 72 72 80 72 80 72 80 80 72 99999 80 72 80 80 72 72 80 72 80 80 80 80 72 72 80 72 80 72 72 80 80 80 72 72 72 72 72 80
 1746 1871 1996 1.00 1.00 
 72 72 80 80 80 72 72 72 80 72 80 72 80 80 72 80 99999 72 80 80 72 72 80 72 80 80 80 80 72 72 80 72 80 72 72 80 80 80 72 72 72 72 72 80
 1818 1943 2068 2.00 2.00 
 96 96 200 200 200 96 96 96 200 96 200 96 200 200 96 200 200 99999 200 200 96 96 200 96 200 200 200 200 96 96 200 96 200 96 96 200 200 200 96 96 96 96 96 200
 2018 2143 2268 1.00 1.00 
 72 72 80 80 80 72 72 72 80 72 80 72 80 80 72 80 80 72 99999 80 72 72 80 72 80 80 80 80 72 72 80 72 80 72 72 80 80 80 72 72 72 72 72 80
 2098 2223 2348 1.00 1.00 
 72 72 80 80 80 72 72 72 80 72 80 72 80 80 72 80 80 72 80 99999 72 72 80 72 80 80 80 80 72 72 80 72 80 72 72 80 80 80 72 72 72 72 72 80
 2170 2295 2420 2.00 2.00 
 96 96 200 200 200 96 96 96 200 96 200 96 200 200 96 200 200 96 200 200 99999 96 200 96 200 200 200 200 96 96 200 96 200 96 96 200 200 200 96 96 96 96 96 200
 2266 2391 2516 2.00 2.00 
 96 96 200 200 200 96 96 96 200 96 200 96 200 200 96 200 200 96 200 200 96 99999 200 96 200 200 200 200 96 96 200 96 200 96 96 200 200 200 96 96 96 96 96 200
 2466 2591 2716 1.00 1.00 
 72 72 80 80 80 72 72 72 80 72 80 72 80 80 72 80 80 72 80 80 72 72 99999 72 80 80 80 80 72 72 80 72 80 72 72 80 80 80 72 72 72 72 72 80
 2538 2663 2788 2.00 2.00 
 96 96 200 200 200 96 96 96 200 96 200 96 200 200 96 200 200 96 200 200 96 96 200 99999 200 200 200 200 96 96 200 96 200 96 96 200 200 200 96 96 96 96 96 200
 2738 2863 2988 1.00 1.00 
 72 72 80 80 80 72 72 72 80 72 80 72 80 80 72 80 80 72 80 80 72 72 80 72 99999 80 80 80 72 72 80 72 80 72 72 80 80 80 72 72 72 72 72 80
 2818 2943 3068 1.00 1.00 
 72 72 80 80 80 72 72 72 80 72 80 72 80 80 72 80 80 72 80 80 72 72 80 72 80 99999 80 80 72 72 80 72 80 72 72 80 80 80 72 72 72 72 72 80
 2898 3023 3148 1.00 1.00 
 72 72 80 80 80 72 72 72 80 72 80 72 80 80 72 80 80 72 80 80 72 72 80 72 80 80 99999 80 72 72 80 72 80 72 72 80 80 80 72 72 72 72 72 80
 2978 3103 3228 1.00 1.00 
 72 72 80 80 80 72 72 72 80 72 80 72 80 80 72 80 80 72 80 80 72 72 80 72 80 80 80 99999 72 72 80 72 80 72 72 80 80 80 72 72 72 72 72 80
 3050 3175 3300 2.00 2.00 
 96 96 200 200 200 96 96 96 200 96 200 96 200 200 96 200 200 96 200 200 96 96 200 96 200 200 200 200 99999 96 200 96 200 96 96 200 200 200 96 96 96 96 96 200
 3146 3271 3396 2.00 2.00 
 96 96 200 200 200 96 96 96 200 96 200 96 200 200 96 200 200 96 200 200 96 96 200 96 200 200 200 200 96 99999 200 96 200 96 96 200 200 200 96 96 96 96 96 200
 3346 3471 3596 1.00 1.00 
 72 72 80 80 80 72 72 72 80 72 80 72 80 80 72 80 80 72 80 80 72 72 80 72 80 80 80 80 72 72 99999 72 80 72 72 80 80 80 72 72 72 72 72 80
 3418 3543 3668 2.00 2.00 
 96 96 200 200 200 96 96 96 200 96 200 96 200 200 96 200 200 96 200 200 96 96 200 96 200 200 200 200 96 96 200 99999 200 96 96 200 200 200 96 96 96 96 96 200
 3618 3743 3868 1.00 1.00 
 72 72 80 80 80 72 72 72 80 72 80 72 80 80 72 80 80 72 80 80 72 72 80 72 80 80 80 80 72 72 80 72 99999 72 72 80 80 80 72 72 72 72 72 80
 3690 3815 3940 2.00 2.00 
 96 96 200 200 200 96 96 96 200 96 200 96 200 200 96 200 200 96 200 200 96 96 200 96 200 200 200 200 96 96 200 96 200 99999 96 200 200 200 96 96 96 96 96 200
 3786 3911 4036 2.00 2.00 
 96 96 200 200 200 96 96 96 200 96 200 96 200 200 96 200 200 96 200 200 96 96 200 96 200 200 200 200 96 96 200 96 200 96 99999 200 200 200 96 96 96 96 96 200
 3986 4111 4236 1.00 1.00 
 72 72 80 80 80 72 72 72 80 72 80 72 80 80 72 80 80 72 80 80 72 72 80 72 80 80 80 80 72 72 80 72 80 72 72 99999 80 80 72 72 72 72 72 80
 4066 4191 4316 1.00 1.00 
 72 72 80 80 80 72 72 72 80 72 80 72 80 80 72 80 80 72 80 80 72 72 80 72 80 80 80 80 72 72 80 72 80 72 72 80 99999 80 72 72 72 72 72 80
 4146 4271 4396 1.00 1.00 
 72 72 80 80 80 72 72 72 80 72 80 72 80 80 72 80 80 72 80 80 72 72 80 72 80 80 80 80 72 72 80 72 80 72 72 80 80 99999 72 72 72 72 72 80
 4218 4343 4468 2.00 2.00 
 96 96 200 200 200 96 96 96 200 96 200 96 200 200 96 200 200 96 200 200 96 96 200 96 200 200 200 200 96 96 200 96 200 96 96 200 200 200 99999 96 96 96 96 200
 4314 4439 4564 2.00 2.00 
 96 96 200 200 200 96 96 96 200 96 200 96 200 200 96 200 200 96 200 200 96 96 200 96 200 200 200 200 96 96 200 96 200 96 96 200 200 200 96 99999 96 96 96 200
 4410 4535 4660 2.00 2.00 
 96 96 200 200 200 96 96 96 200 96 200 96 200 200 96 200 200 96 200 200 96 96 200 96 200 200 200 200 96 96 200 96 200 96 96 200 200 200 96 96 99999 96 96 200
 4506 4631 4756 2.00 2.00 
 96 96 200 200 200 96 96 96 200 96 200 96 200 200 96 200 200 96 200 200 96 96 200 96 200 200 200 200 96 96 200 96 200 96 96 200 200 200 96 96 96 99999 96 200
 4602 4727 4852 2.00 2.00 
 96 96 200 200 200 96 96 96 200 96 200 96 200 200 96 200 200 96 200 200 96 96 200 96 200 200 200 200 96 96 200 96 200 96 96 200 200 200 96 96 96 96 99999 200
 4802 4927 5052 1.00 1.00 
 72 72 80 80 80 72 72 72 80 72 80 72 80 80 72 80 80 72 80 80 72 72 80 72 80 80 80 80 72 72 80 72 80 72 72 80 80 80 72 72 72 72 72 99999
